164632669367
158764499885
157489512515
156820490085
156061067549
155401467939
154090362967
152338296115
151497665883
149947217891
149291839577
147568190673
146358476373
144202362553
142215152759
138964673591
135845400337
134436569697
132874890677
131197474411
130048622237
129121440187
127965216615
126759004901
125719602123
124556637475
123169703701
122420967441
121960149869
121672153319
121820533179
121390113401
120446251437
119995959163
119971125325
119959835199
119515409453
119373400931
119383838293
119698636987
119061770671
118323553219
117414037759
116061703937
115277619465
115017174157
114456718523
114329657545
113697492237
