409506974693
397385693753
398009850621
401774457027
402535417349
400900207239
399065879075
397615216353
397242908955
395886531865
398517173707
398090299991
399050780623
396461188333
395699592237
389763377589
382643624677
380874134701
377346084403
367490859519
363328608305
359445117619
355080889845
353028293077
350549912597
348696634713
340861861461
341900329917
340301978107
339645142419
340965931881
341879036745
341162431681
342741568855
342347174453
341509678917
340472077027
341075227879
339864628459
340719545585
338578406589
334948165109
331531763803
326512665115
324306895781
323461488865
321969187807
322066859929
320318393437
