219402811004
211382256534
210528685632
211086392396
210524119140
208864266248
207498105706
205655679204
204346223046
202578299958
201725346398
200958866532
200036245846
197708291082
195319928036
191192093436
187765933720
186117041386
184501755410
179719443136
177975887424
176511081166
174853011036
173308087190
171986079908
170753248276
166864332346
166743995894
166000827678
165567170290
166013291192
165771910046
164750675296
165017728660
164647524862
164423838504
163885799296
163940313676
163290904578
163587036554
162753381076
161240496606
159702937430
157401546944
156312315670
155838080420
155095284968
155022857150
154269433204
